  -0.833026335485666  -0.511291891328466  -0.211300085776327
  -0.836583452721852  -0.446936317224749  -0.316821803191578
  -0.828933757983485  -0.552568629648721  -0.086814367494742
  -0.891807683057090  -0.451888224935234  -0.021819454741784
  -0.876930665509471  -0.463366553870301  -0.127608952050702
  -0.850050367872221  -0.524190338179886   0.051369849514657
  -0.850619702398209  -0.497599774573933   0.169825163730093
  -0.903000464274602  -0.421631225973674   0.082566765734102
  -0.844412535353688  -0.457816091586047   0.278158042167456
  -0.826318454616758  -0.405412503683397   0.390945665555884
  -0.828481307228760  -0.249697212404333  -0.501268416808829
  -0.890490480255316  -0.398048553091383  -0.220417907522308
  -0.936817853928860  -0.285180274047692  -0.202594471430513
  -0.898984163392053  -0.318548988073035  -0.300589447865252
  -0.849721038509529  -0.348161609431705  -0.395926319448722
  -0.885149542080290  -0.250935567481124  -0.391843883616907
  -0.923749185476973  -0.368628842539504  -0.103924101047901
  -0.961247597270900  -0.260244391804999  -0.090972046668020
  -0.942785775257158  -0.333389350927232   0.002553950093254
  -0.972507100191827  -0.229972989497233   0.036638288417841
  -0.944030107585920  -0.308835387581597   0.115878640605773
  -0.900345166862982  -0.390501356560996   0.192060592080962
  -0.887054999140928  -0.350721678403837   0.300212812512530
  -0.912294786538018  -0.229747848515112   0.339019392599051
  -0.933331105502401  -0.275646407788265   0.230026314527474
  -0.807313862479259  -0.326221801961550   0.491755694805642
  -0.862900519138160  -0.305459714809115   0.402612787551300
  -0.871946960147458  -0.207322667366136   0.443537834108657
  -0.890489842925408  -0.047961096937788  -0.452468311406674
  -0.825346871185031  -0.033710138177274  -0.563618815166021
  -0.853238697751296  -0.138728795795207  -0.502730589756466
  -0.903938522075896  -0.147569562261543  -0.401395531366733
  -0.968753445599263  -0.085211010404333  -0.232928841806739
  -0.938625326870744  -0.063122373942293  -0.339113641224705
  -0.935683360928667  -0.190839098944219  -0.296777840135333
  -0.999048542016029  -0.031299642263925  -0.030370101906258
  -0.988812421381730  -0.082400446925057  -0.124338898449969
  -0.987732586656068  -0.150699981937367  -0.040912744979897
  -0.967815428758492  -0.182441224767997  -0.173345018279066
  -0.989593747772595  -0.125133544777805   0.071033867561402
  -0.981045502582639  -0.077585124853958   0.177567649823306
  -0.967253694186389  -0.196899324092058   0.160159131038083
  -0.996200736148433  -0.011789791965604   0.086284958728210
  -0.952179779353390  -0.150680615826053   0.265798833339821
  -0.955745353539609  -0.030352155375757   0.292625299404365
  -0.922529908635073  -0.112256310741017   0.369238525038465
  -0.818478484756491  -0.197827396597482   0.539404570935566
  -0.852914629654542   0.000213904339542   0.522050369951204
  -0.870955465240324  -0.103448722766022   0.480348768423620
  -0.805769678436404  -0.084661212926001   0.586146487098910
  -0.911568318205779  -0.005270756879868   0.411114850577549
  -0.873806009944170   0.060541878074069  -0.482491179178141
  -0.835376094564234   0.176184067007398  -0.520678360567578
  -0.815383288069480   0.077757067112448  -0.573675807447963
  -0.895068505005649   0.159848940329912  -0.416293991816308
  -0.960169445629845   0.027400198974199  -0.278071689992077
  -0.972070220800214   0.122763446535603  -0.200021553908883
  -0.921802572556042   0.047364994454560  -0.384755213778036
  -0.940536994897062   0.144124708720681  -0.307600763273083
  -0.986755523641116   0.019358966266871  -0.161055167532202
  -0.989891397452098   0.109216556805742  -0.090480743641008
  -0.984209638013853   0.176855103969257   0.007325342358165
  -0.987107348817477   0.111192138950292   0.115132055250443
  -0.997654888326139   0.067520906430150   0.011209415408897
  -0.965508693704141   0.151952099930705   0.211432073509135
  -0.933341934252638   0.188797631539265   0.305333077295449
  -0.977372134281453   0.038479112574543   0.207997762068714
  -0.940167763787020   0.080819988694122   0.330987470099996
  -0.844643170779068   0.193909499419840   0.498975971456571
  -0.817843979299485   0.102806459973428   0.566182000165420
  -0.895745397739177   0.188599128167407   0.402579869446521
  -0.883690147873610   0.092482094066548   0.458845055359851
  -0.850875567455227   0.267399640949969  -0.452225829345885
  -0.855832756621101   0.356781379280723  -0.374509465958968
  -0.945823142829164   0.226180402453494  -0.232939923660025
  -0.899321572872407   0.346226831619761  -0.267109883068450
  -0.902501774688964   0.255040124537374  -0.347051986825073
  -0.934086013875267   0.350578899880984  -0.067659098729240
  -0.937201876021894   0.306256630359477  -0.166911713015899
  -0.969187989671294   0.224374631907423  -0.101639880132380
  -0.957476136179214   0.287760806028999   0.020812668278342
  -0.965841217348039   0.230998903309684   0.117431893203598
  -0.931496486830316   0.338477376719986   0.133219219602637
  -0.850376766625393   0.395494845505749   0.347049250052678
  -0.897793037763924   0.296344636622218   0.325802881644517
  -0.936268799016581   0.269880516879202   0.224867166560758
  -0.888517164428599   0.394507073840464   0.234310514500729
  -0.851316563591737   0.306698848847695   0.425671146156108
  -0.840592749269009   0.452103217973547  -0.298339588680974
  -0.807059956836812   0.575781661949732  -0.130880494470977
  -0.900310434735983   0.403506200175250  -0.163168218491334
  -0.851471689654497   0.489861614214538  -0.187167199679974
  -0.818167669040154   0.574632565926825  -0.019976974589605
  -0.877159893455629   0.474895341703696  -0.071168361938714
  -0.837359838865103   0.518134592928306   0.174255685321390
  -0.915512834920085   0.401518247124730   0.024886669573783
  -0.890177504833686   0.436806913414909   0.129552036962039
  -0.859987602437078   0.507671254391199   0.051876980631036
  -0.824019646648002   0.488403620349941   0.287147219326905
  -0.603062153066134  -0.662037520300261  -0.444997035106887
  -0.696246190732923  -0.618019842113718  -0.365092750740999
  -0.695295153985509  -0.669254630154949  -0.262036044964105
  -0.618288255055978  -0.757666086311426  -0.208953907150263
  -0.623887530907885  -0.705370499123665  -0.336477053814512
  -0.709803270734778  -0.704080803047468  -0.021202349734044
  -0.768903604834808  -0.609585968460104  -0.192852776823654
  -0.628140174334780  -0.774012473620120  -0.079653073180736
  -0.694392309697121  -0.703904966640707  -0.149456074389909
  -0.763405061875530  -0.639651361734498  -0.089771080722138
  -0.787352830226197  -0.616354502173655   0.013514746947767
  -0.657743342553985  -0.730310305655650   0.184446612273206
  -0.651819368081176  -0.756633800181210   0.051349818087291
  -0.724967620159578  -0.680929671263845   0.103714668743959
  -0.643859737734851  -0.702752162652730   0.302628544606950
  -0.731352225526393  -0.646861693046298   0.216087649547279
  -0.725290294216906  -0.607600360954079   0.323690887241558
  -0.646189112485637  -0.650118861240811   0.399731281192724
  -0.612992443503367  -0.613060833225912   0.498394100057497
  -0.612479606384483  -0.427231298510980  -0.665088076374648
  -0.796938924169370  -0.433259111669853  -0.420921481156305
  -0.698333835688127  -0.403026755434417  -0.591522855295647
  -0.646201232973232  -0.504918137357323  -0.572260116617860
  -0.669919971908646  -0.572166745148552  -0.473109339354056
  -0.728920466897420  -0.468411077970082  -0.499265475446633
  -0.775498829916693  -0.559736257017356  -0.292056308574290
  -0.751683153466250  -0.527248480171648  -0.396208880455400
  -0.796233549936182  -0.591846211506584   0.125420077664344
  -0.792114613797438  -0.556259209637559   0.251257100003032
  -0.779291416953828  -0.507889549189132   0.367087310168242
  -0.699414493638759  -0.563123394583930   0.440126582428636
  -0.755698009420254  -0.462175726618364   0.464019521446084
  -0.678236679373321  -0.490147795569365   0.547494424858503
  -0.605879496668991  -0.454341905017948   0.653057018077895
  -0.633748898253646  -0.236871887340832  -0.736379007678710
  -0.724088395305820  -0.211607740944481  -0.656443569361309
  -0.667781564078187  -0.322415009445947  -0.670907105612439
  -0.787102717932822  -0.357514636990549  -0.502645596579022
  -0.753458238816269  -0.296471239994401  -0.586860704269819
  -0.754195517819065  -0.292748121171618   0.587781982075089
  -0.738553125490625  -0.395875174759714   0.545730819028021
  -0.601983334223778  -0.358604511561743   0.713455583483925
  -0.602273057206648  -0.249545877141966   0.758283601144324
  -0.684401775975135  -0.263365297516633   0.679877142655978
  -0.677413208945496  -0.372741690082035   0.634172671140088
  -0.603124816215064  -0.031957255203929  -0.797006392637710
  -0.693170137813243  -0.033233259765601  -0.720007437801390
  -0.670946532382708  -0.136694411676908  -0.728797220425492
  -0.754857448959704  -0.091481207178439  -0.649477805997421
  -0.794388569238243  -0.171865154512974  -0.582588336415902
  -0.675779775716816  -0.159922731366629   0.719545978186500
  -0.755615127381808  -0.180219615982315   0.629735396247472
  -0.644935458545178  -0.059569553095470   0.761911886411498
  -0.729776802241616  -0.067000527825845   0.680394553315250
  -0.699742747557077   0.165367857496227  -0.694991768978871
  -0.666723849937860   0.065112636702435  -0.742455151821102
  -0.770752135333444   0.168499287279771  -0.614450271433861
  -0.621203525461324   0.161440156118775  -0.766839785057327
  -0.754531815565403   0.036383123342909  -0.655254154992848
  -0.657423031071889   0.141934046896820   0.740033569878922
  -0.604847813898713   0.057147628838227   0.794287901544595
  -0.693602026170870   0.040650183803007   0.719210533744080
  -0.776195168857665   0.021634347362053   0.630121428659777
  -0.745303603452632   0.131888199526711   0.653550335862606
  -0.626188863292349   0.266597179468803  -0.732675543052936
  -0.652560251526601   0.364325337791016  -0.664403617066464
  -0.719264485947159   0.265107224671912  -0.642165678530024
  -0.791347320350704   0.374892208531915  -0.482934002277561
  -0.724597680365403   0.374498496279484  -0.578540472130933
  -0.787253470886021   0.283242608075363  -0.547727667320703
  -0.726199352051260   0.348664146126068   0.592509758811203
  -0.774750014033105   0.223599998860333   0.591409719454594
  -0.798715336620752   0.300976795333297   0.521024740024596
  -0.790997768142589   0.392482723361568   0.469339794451877
  -0.699760481020403   0.237322069488107   0.673805242288880
  -0.650525833821720   0.342427130876804   0.677908400574912
  -0.615974130466535   0.242366255653261   0.749556181160968
  -0.795919753651945   0.448023595976225  -0.407169010602674
  -0.725845055376865   0.483768100420413  -0.488996299168593
  -0.686811889759054   0.592899802613889  -0.420427463596289
  -0.644057807444080   0.562784100095488  -0.518134728955738
  -0.658879954654685   0.460913713549676  -0.594504629095592
  -0.792715002131530   0.558348487816599  -0.244642374801515
  -0.765731619168962   0.534360866624909  -0.357929534440449
  -0.794680286202677   0.598865491484735   0.099213738109083
  -0.776313523658427   0.588370219754719   0.226180895503621
  -0.749271719712994   0.567819898644530   0.340840802636141
  -0.697068770965213   0.565398469342204   0.440930492720271
  -0.721262300496213   0.462872336295600   0.515295928739169
  -0.644395637037941   0.542281939967856   0.539151704579672
  -0.778466436559700   0.478828461077604   0.405848878293506
  -0.654814291029410   0.445057801887963   0.610853335296048
  -0.719721481914104   0.620564321157368  -0.311289112848267
  -0.661088141748265   0.709479916612312  -0.244132580299336
  -0.632037417275299   0.692030858005434  -0.348743451167519
  -0.671279686449031   0.740482401957574  -0.032701604731754
  -0.736035267624902   0.648911038693588  -0.192786277193028
  -0.675544160359904   0.723903608685914  -0.140013044874908
  -0.752826927354154   0.654580655071604  -0.069107043465433
  -0.649950879552721   0.756102287930206   0.076636703708806
  -0.735919779555784   0.675735930183087   0.042462109205323
  -0.721120692700850   0.675768072604076   0.152716923121239
  -0.634630812600589   0.749386336749816   0.188848748978138
  -0.615837165049619   0.728158045067512   0.300882780409761
  -0.662941524571874   0.651296416824476   0.369217432456700
  -0.703059466339421   0.660748250930597   0.262905183826194
  -0.607047232727097   0.637663003798495   0.474214667450358
  -0.433286337458107  -0.865934269772734  -0.249841530185236
  -0.460829019209232  -0.806464026454464  -0.370475895423050
  -0.461779264151805  -0.886965888656277  -0.007171022214341
  -0.537981892651121  -0.838863207191806  -0.082969890920714
  -0.446893678138645  -0.885045212037584  -0.130311216282641
  -0.529177793897613  -0.826879095364808  -0.190372855455637
  -0.480852557691115  -0.870017982811296   0.108855534296035
  -0.581773597845667  -0.803408475357516   0.126784472919281
  -0.565279064453961  -0.824648347537867   0.020363747030423
  -0.509976298686096  -0.799232923830127   0.318042305746227
  -0.406577084437246  -0.856487061484000   0.318001553331129
  -0.491112732783066  -0.843331988206319   0.218172962042335
  -0.489302098345522  -0.613367086680852  -0.619971187662228
  -0.513553916356540  -0.682092746178460  -0.520587995064798
  -0.537948343608183  -0.740451963485788  -0.402917447350266
  -0.440323831245219  -0.758336582148220  -0.480666778354078
  -0.418147652451797  -0.701652255789225  -0.576919970788794
  -0.541695034034696  -0.788759744974376  -0.290559038424391
  -0.566976787346387  -0.724427443833770   0.392099733780630
  -0.579628900053504  -0.778662268742145   0.240240316058941
  -0.405428358910102  -0.758989373203207   0.509473234975169
  -0.470810688906827  -0.777535821495225   0.416863696551793
  -0.523092229482105  -0.621323417287318   0.583379576764434
  -0.436172587175209  -0.685483323674955   0.582980348862997
  -0.515744425956821  -0.697047576327863   0.498128862273529
  -0.402950429850648  -0.626632595944521   0.667055125745248
  -0.453031450461324  -0.547323762930334  -0.703703917443046
  -0.552056703240892  -0.522405476172341  -0.649866074566096
  -0.423779262482776  -0.463256398286116  -0.778334533562870
  -0.524338390337468  -0.435932229175894  -0.731459051474550
  -0.584288607574771  -0.597830481468946  -0.548821955177582
  -0.596103019290013  -0.544431599644567   0.590131700302389
  -0.509654735289315  -0.451728803076340   0.732252100897222
  -0.511587426699710  -0.544801431688978   0.664431866237923
  -0.423099468209779  -0.426183365187910   0.799596510271094
  -0.422271475246946  -0.532675207256627   0.733446606623057
  -0.417660067068907  -0.283166487634070  -0.863352076882300
  -0.476991937636974  -0.357123774312370  -0.803082375133592
  -0.513070022397965  -0.237002926444612  -0.824978039085430
  -0.575325873552614  -0.327062601919771  -0.749686730339007
  -0.513536984669410  -0.347277923401137   0.784651393483020
  -0.512500764132255  -0.235314834801276   0.825814685802028
  -0.405768025982788  -0.201218589094099   0.891551113785975
  -0.426505907951559  -0.306641422636180   0.850919354819289
  -0.507318903955425  -0.119421057575310  -0.853443695094797
  -0.410250604616369  -0.181265749086883  -0.893776912668858
  -0.503343288768022  -0.000586804719874  -0.864086332094434
  -0.416898329567794  -0.070273390265429  -0.906232549307398
  -0.586133470864440  -0.154320081907910  -0.795382214191606
  -0.550699026225518  -0.039540924597517   0.833766812601845
  -0.478375755886603  -0.116435237406010   0.870401902381955
  -0.576364675465920  -0.145622487881781   0.804113084023749
  -0.536210227829138   0.198354475793011  -0.820447495885205
  -0.565066322746484   0.081749842993458  -0.820985392116274
  -0.464948002813955   0.117169122985788  -0.877550426641145
  -0.429387653884139   0.005404509957595   0.903104110257501
  -0.433707634728942   0.124221197952734   0.892449876215473
  -0.514127503851376   0.062791492004546   0.855412262196069
  -0.544986599180798   0.166334631632530   0.821780017421341
  -0.509235079634544   0.305708873967849  -0.804500912396567
  -0.400344239999031   0.351314722451485  -0.846346533807774
  -0.439767766605925   0.239426843472946  -0.865609090801973
  -0.571162918067651   0.363383266435203  -0.736020055908349
  -0.557468774063249   0.354501432011528   0.750704536183307
  -0.525332261766125   0.271866526193349   0.806296847744829
  -0.458981110876734   0.359728964691224   0.812361626260460
  -0.442503814951244   0.237984325804030   0.864611955980946
  -0.439708286215584   0.515714437544503  -0.735319822894440
  -0.561485279157209   0.463011318592512  -0.685824175824223
  -0.584170448923387   0.536789072925339  -0.608771203156493
  -0.493251338827541   0.571962252817174  -0.655410022884256
  -0.480817603082732   0.415062925511667  -0.772358207330946
  -0.471132134547118   0.570381585146989   0.672829368504590
  -0.575122628029111   0.435481824890338   0.692524037791519
  -0.568110909102536   0.520759696715041   0.637227850329809
  -0.476292025785744   0.466782096190938   0.745157956978590
  -0.596487457127323   0.661097449142354  -0.455140501633564
  -0.494928076363071   0.709730913384697  -0.501326470290244
  -0.437286354757702   0.674877461505237  -0.594408155979516
  -0.436097585504464   0.790349901810087  -0.430309108230308
  -0.543772454054332   0.625467117110363  -0.559555541144381
  -0.537133609678581   0.743557231837247  -0.398258871007525
  -0.578943454782568   0.767728278713707  -0.274622952842098
  -0.596052157843630   0.793884276244056  -0.120289571710950
  -0.503260051555419   0.793853970925519   0.341357866987452
  -0.447498764840383   0.782089283281526   0.433683304316087
  -0.513785253768039   0.691650973421439   0.507586095136272
  -0.548250146098335   0.605155919660440   0.577241795267010
  -0.416171293777744   0.741326257052443   0.526532843078163
  -0.560394448764821   0.721894702467597   0.405987808120874
  -0.444234324477057   0.664390886106264   0.601032957012631
  -0.412062356106199   0.876744645186506  -0.248039194114551
  -0.487359342014135   0.812040495449658  -0.321046889879692
  -0.518939088879302   0.829833665037270  -0.205129984165973
  -0.438958847522128   0.886108405575379  -0.148751550414461
  -0.514204177984269   0.854501436432000  -0.073629874909384
  -0.412936668139124   0.909557591464541  -0.046779225254195
  -0.484575030644139   0.873539313921548   0.046001159873451
  -0.453912858451847   0.877309074942164   0.155858602445287
  -0.558557913444455   0.820419238837287   0.122169267306568
  -0.581170620569925   0.813775789643332   0.003110301712017
  -0.453292485031652   0.851184739125421   0.264594903378387
  -0.547781206176329   0.802018382553818   0.238122372333563
  -0.353148741104010  -0.824392340814326  -0.442338371683181
  -0.224329068584610  -0.839038863033838  -0.495671519563960
  -0.235899618248793  -0.950346934606912  -0.202958306046633
  -0.319095402781565  -0.910163565175693  -0.264159816305098
  -0.374463565744956  -0.861761378444358  -0.342263589286465
  -0.274507426725746  -0.881988584181870  -0.383068936413892
  -0.254305125965757  -0.963596935155760  -0.082521812061823
  -0.357887177726292  -0.932686541799803  -0.044861818561373
  -0.343062658406627  -0.926322938551824  -0.155672174519697
  -0.381277788036150  -0.921963105265107   0.067906412658758
  -0.397560084076729  -0.897099962637481   0.192763161897532
  -0.272696881246505  -0.961212219251628   0.041321671309241
  -0.299718068849970  -0.941512801712503   0.154021827726845
  -0.302105732782046  -0.916963886071126   0.260594239885617
  -0.309225160141951  -0.878972947162071   0.363023908981775
  -0.205869086090317  -0.915235712474895   0.346354601532749
  -0.243544391127337  -0.860701050725012   0.447079222097465
  -0.365867203404407  -0.822681629528193   0.435127712183304
  -0.263252486305608  -0.658810070977154  -0.704746350705694
  -0.311088698951044  -0.714437476591722  -0.626739908914535
  -0.376963583712939  -0.637908274946100  -0.671544108238311
  -0.325256255861628  -0.778287259090549  -0.537100838167467
  -0.224888363093222  -0.771991063699244  -0.594520833708761
  -0.295698078723519  -0.791408090087107   0.535010169234097
  -0.254022163706733  -0.660009589317211   0.707007837548549
  -0.335735550379901  -0.711140667203113   0.617705910333563
  -0.230744325916844  -0.750303759567633   0.619517008996410
  -0.312465036051200  -0.475575136105069  -0.822310094285706
  -0.248174379494600  -0.571672942906267  -0.782048287327169
  -0.351980640888492  -0.556890645709918  -0.752318042559473
  -0.229174135732344  -0.565392426744001   0.792345012789165
  -0.326214453741471  -0.587678330740190   0.740417658992935
  -0.215543896485305  -0.458552994709797   0.862131068765422
  -0.325206669572273  -0.494018632935584   0.806341250574573
  -0.317581020292816  -0.268422367405064  -0.909445835784867
  -0.225662345643240  -0.205338799112641  -0.952319527962002
  -0.366607837673289  -0.377126624444532  -0.850514081301178
  -0.216912732246795  -0.311316487525801  -0.925219385434519
  -0.259264021085802  -0.397892182775447  -0.880036350531392
  -0.227659315845004  -0.253578001392269   0.940143304565260
  -0.338169051608583  -0.395062742866856   0.854147014121497
  -0.330585229843588  -0.276568747881343   0.902343135123556
  -0.252823548443078  -0.354539981293454   0.900212005594842
  -0.303515817123695  -0.015945275555129  -0.952692970973968
  -0.319809354217735  -0.131502882264056  -0.938311765305690
  -0.222423325444039  -0.088970051969911  -0.970882173155366
  -0.311661757013440  -0.025160302385721   0.949859941464611
  -0.382958809265191  -0.098600055763532   0.918488203195673
  -0.285199585293873  -0.143352683043806   0.947687292735502
  -0.393207762311032   0.041026672876668  -0.918533868603124
  -0.268719806184430   0.199694510786682  -0.942290702557268
  -0.368071105080384   0.157660384377922  -0.916333380818745
  -0.276291216176495   0.091956524817873  -0.956664602359224
  -0.226849489461457   0.047904149757045   0.972750996692952
  -0.329525481505665   0.088838595596688   0.939957797441389
  -0.245205644795465   0.173900099116518   0.953746794116607
  -0.328258200349810   0.282548494742793  -0.901339504305501
  -0.296164505499302   0.389934087432522  -0.871916276451197
  -0.211407751942378   0.289634875231754  -0.933497938652334
  -0.362574687789178   0.322712869478219   0.874297432026261
  -0.262841161448941   0.291286811486548   0.919818741547579
  -0.277967649208331   0.394006647231730   0.876066634412477
  -0.349474178187226   0.202039418352755   0.914903203739086
  -0.374796106342501   0.457696446769397  -0.806251723275783
  -0.252529495077950   0.488449566053335  -0.835251983258935
  -0.212088557929799   0.584699209767814  -0.783035936398932
  -0.325781415908285   0.554867876090040  -0.765498601652623
  -0.280132652701846   0.599879054128835   0.749447007671470
  -0.380306383979064   0.539250432982236   0.751382741905375
  -0.382480923166170   0.437200521550757   0.813980372840587
  -0.286713797269971   0.497483965753928   0.818721504708883
  -0.330072893193692   0.709255168003164  -0.622903677818288
  -0.225877378648722   0.725385571148826  -0.650227024187609
  -0.394576365299174   0.613054882709252  -0.684451022888883
  -0.282828990749702   0.644974548135711  -0.709940556841656
  -0.258016847915325   0.788596526201248  -0.558160214504012
  -0.381843144838920   0.756620181774342  -0.530774635105414
  -0.337466655996982   0.725695421649827   0.599568520760301
  -0.236798157599088   0.774257748582003   0.586899967045837
  -0.369172133249203   0.632012623162155   0.681375065728064
  -0.259261212105692   0.695181862415194   0.670451938670051
  -0.332003987623540   0.826372965298619  -0.454841812530066
  -0.221892258809094   0.850758002369792  -0.476418562699187
  -0.244734145776276   0.948959967707949  -0.198947675479972
  -0.308469226263942   0.910496542851602  -0.275395682434214
  -0.259395989745961   0.888456021284233  -0.378628602653713
  -0.376167127837555   0.857829420131993  -0.350181350003755
  -0.228423249033467   0.969319678171226  -0.090786457200541
  -0.311596369668316   0.950192835383590  -0.006424795344650
  -0.336063012376674   0.931467755988172  -0.139389638304559
  -0.290499996272799   0.950784826588961   0.107786667513677
  -0.199522943227143   0.979722856787988   0.018267977807109
  -0.386715222576256   0.919156881941181   0.074846262484923
  -0.382947117545031   0.852443212642924   0.355938301371127
  -0.365185720512387   0.902940706856463   0.226577733759080
  -0.260214204230038   0.942187511320045   0.211119069317454
  -0.279875523939783   0.908506201329637   0.310300134136330
  -0.223708403641178   0.840468347491703   0.493525589007178
  -0.290387064988391   0.863880206783365   0.411565718707666
  -0.338783105771810   0.803667329348995   0.489228812500512
  -0.173387494116809  -0.894786434465743  -0.411453537571348
  -0.123325462581709  -0.807259500110364  -0.577168025587499
  -0.014893361689374  -0.842198647154202  -0.538961618771896
  -0.098330249099282  -0.872392950910700  -0.478812804040780
  -0.106303590423205  -0.964488102345650  -0.241789675331313
  -0.195548798283005  -0.930849656474341  -0.308673912943214
  -0.081454857840233  -0.930876410884171  -0.356137914007527
  -0.052959330609689  -0.997733021702544  -0.041522604755535
  -0.155377504020568  -0.979560058783337  -0.127749451978175
  -0.164191480650205  -0.986422826101167  -0.003341530858829
  -0.049800840219511  -0.987270244618053  -0.151054097611556
  -0.067958811603776  -0.995622366763442   0.064169328543825
  -0.103423403248354  -0.979214289825380   0.174479151368595
  -0.192685576386148  -0.974125422920670   0.118118284242385
  -0.038860049546286  -0.965257818654756   0.258393575916898
  -0.093850629692368  -0.933521571808914   0.346019557646327
  -0.187210360175834  -0.952826364488052   0.238902072362960
  -0.061941716047907  -0.840144292123585   0.538814246494282
  -0.125821358401624  -0.886755289055092   0.444785389938553
  -0.180604256465753  -0.827711313191919   0.531296606953745
  -0.014277934063156  -0.895961752933378   0.443901653386690
  -0.048301504265846  -0.603490735066920  -0.795905708846246
  -0.147585102073177  -0.731334998991188  -0.665858661351347
  -0.025012666085574  -0.771862976532011  -0.635296711776817
  -0.045153671572148  -0.694036422401588  -0.718522505091913
  -0.155631170707563  -0.652525219400399  -0.741612956164234
  -0.046769362536743  -0.708609319009178   0.704049330474262
  -0.156435703779469  -0.707166185620494   0.689524369763667
  -0.132446646338615  -0.632396677374653   0.763238054815896
  -0.012056680804011  -0.625944140363737   0.779774691556665
  -0.115539399531794  -0.778033763082191   0.617506364874078
  -0.074557537041540  -0.500274725309502  -0.862650782696452
  -0.006251007387679  -0.431577834090766  -0.902054043851122
  -0.144043240076462  -0.567284016651088  -0.810826978732506
  -0.191234886491516  -0.482547699930413  -0.854737933802195
  -0.089937029425575  -0.455591117919100   0.885634272152635
  -0.014403983181784  -0.524097352024386   0.851536546995798
  -0.125009211064327  -0.545246828093119   0.828902041017796
  -0.013419696678628  -0.334465946630748  -0.942312284906363
  -0.131334965339918  -0.390132283590473  -0.911344022957108
  -0.116394037567023  -0.276767760455535  -0.953861643421767
  -0.015567309283432  -0.226981754184142  -0.973774584875352
  -0.044390354823742  -0.335988921317999   0.940819292505309
  -0.008523928672224  -0.207484729634839   0.978201119202155
  -0.148145632771619  -0.364842295172906   0.919207795410626
  -0.113456002305293  -0.256197667739229   0.959942962152378
  -0.120004087655293  -0.161300058297509  -0.979582212036969
  -0.116418376541256  -0.051009570986731  -0.991889502551190
  -0.023326278828870  -0.105177700060828  -0.994179830878656
   0.000000000000000   0.000000000000000   1.000000000000000
  -0.077390066850704  -0.104755162131812   0.991482291097315
  -0.192659048664435  -0.062265465617723   0.979288263362286
  -0.171776349660347  -0.166895141166757   0.970895925190900
  -0.169239586450677   0.156474163554815  -0.973074405437644
  -0.056030958238316   0.038912461037852  -0.997670462675363
  -0.058427264142718   0.147705192943069  -0.987304122741543
  -0.179125644067077   0.035461459333726  -0.983186904174113
  -0.141532218134401   0.141679383127595   0.979742610906834
  -0.041765430121584   0.101626711008102   0.993945501753710
  -0.115641304680203   0.020618272255435   0.993077023951849
  -0.091621377846928   0.246301513258165  -0.964852883961160
  -0.116178163084349   0.343260792063662  -0.932027179353786
  -0.003884572988884   0.336540420703106  -0.941661008710497
  -0.059613954611113   0.306297873740927   0.950067254965358
  -0.021206913179664   0.206030611880177   0.978315722965582
  -0.155476503940906   0.359014493198896   0.920291068301466
  -0.158444707732357   0.248371471394920   0.955618588553368
  -0.062026589928213   0.434982609696239  -0.898299967384908
  -0.136147241007461   0.516444300154360  -0.845428420154024
  -0.188208839271687   0.412991302127504  -0.891075539551520
  -0.027412254459175   0.531947472761696  -0.846333536218381
  -0.050594136595605   0.409227244471188   0.911028701921440
  -0.086400083849390   0.508859587728609   0.856502741085800
  -0.186551466639698   0.455927907588055   0.870246110808291
  -0.183714875586370   0.556084787485785   0.810566810087345
  -0.035523564169108   0.679709206735305  -0.732620959752030
  -0.090242924525199   0.607705444695031  -0.789018572063518
  -0.011572597648271   0.753026241035410  -0.657888710418222
  -0.153640005579357   0.673805404937791  -0.722759313300213
  -0.123030899165043   0.756275744133186  -0.642581042893763
  -0.076499450913048   0.690886516710428   0.718904482555043
  -0.074950110212362   0.606652011586682   0.791426444982089
  -0.139065501187237   0.745816092119798   0.651474591303986
  -0.019519939584337   0.755472955123780   0.654888987565960
  -0.179611465497817   0.651044056163664   0.737483124142980
  -0.037669847996390   0.820102129359454  -0.570975901393411
  -0.144772022873818   0.824885253971939  -0.546447965658828
  -0.152459341655139   0.899902475471051  -0.408572739892367
  -0.055082273930684   0.881226210025771  -0.469474503953347
  -0.065034416686981   0.931176696493966  -0.358720621867170
  -0.178632663526212   0.939066838622940  -0.293673022459075
  -0.050688421521484   0.967303429537242  -0.248505048498317
  -0.114614146319629   0.991786916381305  -0.056765394020353
  -0.003195081497693   0.999733597071014  -0.022858835090065
  -0.139595085644181   0.973320768558541  -0.182098581973077
  -0.033313895920849   0.990340970775449  -0.134591775165184
  -0.078214969882041   0.980999313240139   0.177546517591099
  -0.094919480709060   0.993331719959606   0.065439944254355
  -0.185755273700993   0.972765979955667   0.138640998745533
  -0.186339373897574   0.900454220550486   0.393013784018164
  -0.076292945039671   0.923831235385276   0.375120294124017
  -0.162481162610209   0.946818365414780   0.277731623532718
  -0.049586599239236   0.959395385817407   0.277671861822828
  -0.097953755997584   0.875439657165072   0.473297441730532
  -0.023164040165373   0.830602132837118   0.556384331348078
  -0.135904135130088   0.815784321653922   0.562161904257299
   0.008300074116615  -0.900282150462350  -0.435227708594645
   0.102029073717022  -0.857474760021630  -0.504308540520875
   0.082180002474542  -0.798671910459941  -0.596128867473763
   0.119593134094596  -0.908948215303044  -0.399387811750487
   0.188592658885589  -0.805824203479034  -0.561320017549566
   0.125556045926397  -0.951205836863586  -0.281856586312921
   0.028701484586921  -0.974237885796087  -0.223688995397800
   0.023613406970660  -0.943642345617543  -0.330123508052153
   0.152943009386193  -0.986421015775273  -0.059849941660576
   0.047029155771349  -0.993944777153056  -0.099307796660665
   0.144329064914213  -0.975019040010587  -0.168840139296977
   0.169693243225021  -0.984428641156122   0.045874324793786
   0.055095575627399  -0.997942097536983   0.032803163106213
   0.118794051812880  -0.983409315962502   0.137091540701981
   0.004459112957428  -0.988140656820537   0.153486672548175
   0.028294519856640  -0.939507349789492   0.341358110841983
   0.152346636781945  -0.931459715171261   0.330413833357963
   0.086591781158239  -0.966734779018048   0.240677648469418
   0.176657176734261  -0.839034388505755   0.514600366122152
   0.095439025355618  -0.898165791258413   0.429173163015022
   0.059595866261358  -0.846552556482359   0.528958506725943
   0.044487144694102  -0.635559816786944  -0.770768845531987
   0.069642724135869  -0.728263310666724  -0.681749544416186
   0.140310751171500  -0.661936027294862  -0.736310796386135
   0.189630071192109  -0.723929993198575  -0.663299179139539
   0.116198357202139  -0.648601754450751   0.752205893294470
   0.174679059914243  -0.712687164488803   0.679385186474055
   0.060373049117871  -0.721435525998379   0.689844820787729
   0.003540886342883  -0.786326382820243   0.617801166885220
   0.126342682936535  -0.786853397863015   0.604068917210466
   0.140552282683515  -0.576163980005384  -0.805158446504046
   0.039531354789671  -0.524247845666828  -0.850647675775455
   0.146005116445628  -0.482504511733091  -0.863638756731604
   0.074386730561303  -0.572396820007931   0.816595673978995
   0.181454441278461  -0.558394497349305   0.809487412545951
   0.025314396384347  -0.414460609435722   0.909715111758547
   0.108477627680003  -0.482930659924249   0.868913449083422
   0.089992320084778  -0.274294483903839  -0.957425672533218
   0.098722524468665  -0.390466996060353  -0.915308356866766
   0.186307056684262  -0.317810054502290  -0.929670075826311
   0.146352047823457  -0.389825239022519   0.909184998291831
   0.061435579685240  -0.307228172816063   0.949650735469015
   0.179548820280084  -0.290431543514789   0.939899856190886
   0.075306901908749  -0.151149723372637  -0.985638184959005
   0.177611484624994  -0.192290372125149  -0.965131376195633
   0.167860665521049  -0.073354845009688  -0.983077750579493
   0.055570882398236  -0.027475696897434  -0.998076631882283
   0.176223027674581  -0.095427589173479   0.979713743775059
   0.115856118009386  -0.003362817230282   0.993260314006389
   0.040877442752747  -0.102902853639654   0.993851114295704
   0.106848079676777  -0.197423388619479   0.974478062090362
   0.041515303045703   0.099141146423286  -0.994206976790497
   0.133714607192133   0.168830167574109  -0.976533040065902
   0.143264430452533   0.043891143279273  -0.988710711233953
   0.177296854085359   0.109418084822696   0.978055984208045
   0.067089558116851   0.110626695862722   0.991595041009273
   0.199650671865075   0.349367048373478  -0.915468336281833
   0.032781241316270   0.224826501158346  -0.973847233704887
   0.107172713227358   0.305361001274194  -0.946186381449399
   0.159791480752480   0.308774399349103   0.937616687663744
   0.121512082870142   0.206899374568444   0.970787032525541
   0.046488864765181   0.294774340940657   0.954435368883533
   0.086509960663051   0.395064598160933   0.914570932178591
   0.065190867430141   0.420521694616663  -0.904937376374982
   0.078979399321182   0.517840866551499  -0.851823392148900
   0.170717359929347   0.569349110458700  -0.804174840093025
   0.167836932515186   0.457442211408806  -0.873256770546506
   0.199743235066286   0.569536596402554   0.797327226051794
   0.019157205235950   0.478917473827433   0.877650872927440
   0.127840109201551   0.497340363693876   0.858084768027133
   0.040411189599310   0.569217246855304   0.821193437405364
   0.071179200504910   0.793960790485438  -0.603787863895276
   0.168362446543642   0.659982472737295  -0.732172945603294
   0.170070792380920   0.742026445550988  -0.648438647585022
   0.051326765370021   0.608880566930785  -0.791599657889452
   0.073829631616313   0.701339755294881  -0.708993464806493
   0.175668194246862   0.795713401096573   0.579638567424021
   0.071484930610065   0.789050179259036   0.610155487811884
   0.021740209798373   0.662111014058430   0.749090360597732
   0.120094072242821   0.630777843833451   0.766613804689792
   0.110039604603617   0.718309946210760   0.686965870035314
   0.055387579095133   0.911524593893366  -0.407498626757827
   0.162984447248586   0.816804110893097  -0.553414053293924
   0.058974703772159   0.861360172974756  -0.504559844545605
   0.159257530560364   0.880517088728938  -0.446460183461113
   0.062694116938105   0.976144192732781  -0.207874872688883
   0.146610300711344   0.935173386258647  -0.322422327637006
   0.036950629683588   0.949979960462584  -0.310117277308913
   0.168827503979850   0.967423440678274  -0.188650895375940
   0.198152167078408   0.978871152704350  -0.050467663759952
   0.092167569264439   0.990348097852530  -0.103517072291290
   0.014845686240460   0.995238615175687   0.096331222681073
   0.105925819348317   0.994252843479039   0.015524304468559
   0.118138679048265   0.982755524927512   0.142249185365614
   0.041121797455321   0.975144740229264   0.217719391367064
   0.147919899638730   0.950546344047725   0.273095864319421
   0.044209542624866   0.940467163435523   0.336997078385618
   0.096473362334327   0.849217428868307   0.519155707727664
   0.015216720851147   0.893515494164618   0.448774456820235
   0.118437278314060   0.904021731027126   0.410752140513322
   0.323714560939420  -0.852257674607991  -0.410932767137860
   0.212374086249418  -0.866055630349434  -0.452597937058676
   0.296763873509459  -0.807149210151156  -0.510334552947405
   0.235909231916471  -0.941001087594932  -0.242618604896114
   0.223785279861096  -0.909784828509014  -0.349587920747148
   0.332232414168470  -0.893168643072244  -0.303102949520912
   0.265100240882051  -0.964211175087492  -0.004321124931812
   0.344468138256001  -0.919172074092005  -0.190956539390109
   0.252167865710106  -0.959562284926018  -0.125106310195643
   0.346539499526618  -0.935296309438872  -0.071632316853967
   0.365701228577703  -0.928262991363601   0.067752714199938
   0.315865472129735  -0.927708841633189   0.198960570646212
   0.259296573628915  -0.959322276868649   0.111651493531681
   0.337060274285738  -0.856844325576600   0.390138658973454
   0.203128287970822  -0.954704547682068   0.217435335815550
   0.375771629279337  -0.880785100856977   0.288120267834663
   0.264489387383898  -0.911948638732063   0.313679843592201
   0.213037151299290  -0.883779566324427   0.416591947010130
   0.285691212487342  -0.823669886965856   0.489845331112961
   0.242215047780753  -0.624798052659527  -0.742266302630956
   0.316446586597019  -0.674242505651530  -0.667277005001553
   0.274508688785691  -0.749870152538654  -0.601946620650716
   0.378506248748972  -0.726181650735741  -0.573927895987550
   0.392680950415429  -0.789150741456677   0.472274050143783
   0.243844496415424  -0.767655197987672   0.592659563805746
   0.352879129190583  -0.740580025629352   0.571854479584208
   0.239583916635764  -0.632959429587464   0.736180621441355
   0.299378190883797  -0.691705861488126   0.657202936699247
   0.350460357750275  -0.603762188620130   0.715994942187569
   0.238972622325913  -0.424486998469798  -0.873328617365066
   0.354596493406166  -0.400388533267042  -0.844955826829023
   0.253200512626520  -0.524590896794202  -0.812830788913857
   0.346029814370832  -0.589084487776012  -0.730234779935988
   0.363014879957712  -0.494744506268622  -0.789587278548930
   0.399867697977997  -0.495841964526913   0.770873900406460
   0.290553230667868  -0.538883984032764   0.790685064928788
   0.231332113106507  -0.460544206429894   0.856962360532560
   0.337995405710446  -0.429089349346592   0.837640397781738
   0.289225551648992  -0.334134074363188  -0.897052395695364
   0.378917042949165  -0.272087237594156  -0.884528354379350
   0.279963947998604  -0.230977992286895  -0.931809720329290
   0.299327835314725  -0.247938957261249   0.921373496730835
   0.375838294268331  -0.307808279892748   0.874070729055115
   0.267215533278557  -0.358931833376373   0.894295140187920
   0.271542799463381  -0.116341975364962  -0.955368542933966
   0.373569974861064  -0.150646481555106  -0.915287447459743
   0.361700798117942  -0.036249071087389  -0.931589253633888
   0.218371388496998  -0.189705749369861   0.957249009057681
   0.342849111125054  -0.004963479089682   0.939377374049475
   0.300965240797682  -0.118851382431722   0.946199911607300
   0.337350948665882   0.191808457235046  -0.921631083008457
   0.338867186335307   0.076594304512466  -0.937711225560111
   0.236513742812475   0.125574827420329  -0.963479222494802
   0.253399760024710   0.005446783210815  -0.967346315531348
   0.287535420691576   0.100553999497239   0.952476915748003
   0.400156602756340   0.113568564195955   0.909382688694355
   0.229720609357265   0.002233893854019   0.973254052832443
   0.310277604467588   0.300387899236873  -0.901939531320095
   0.217359172059871   0.238289532013202  -0.946558550357228
   0.237993112329509   0.216553011217719   0.946817866232071
   0.290137863032324   0.307956620464388   0.906080978912586
   0.341168705485779   0.209226720702078   0.916421351639852
   0.277675172754081   0.405630097673198  -0.870839090933350
   0.269108601174287   0.508326533189346  -0.818037099665852
   0.362910430089163   0.448114567648440  -0.817000216642413
   0.371506857917287   0.536422338716233  -0.757782111854477
   0.313095393826675   0.569648125514919   0.759915973948343
   0.376586563852374   0.465017203916074   0.801212556059837
   0.261246867818000   0.491089216525373   0.831012307651204
   0.312566159726758   0.401189908853473   0.861016290686656
   0.204484382115583   0.406359426509024   0.890538126055289
   0.278763880613546   0.688707667130475  -0.669307439149585
   0.376438087296687   0.703917438387727  -0.602324336521506
   0.372563970417438   0.621716359924748  -0.688959255506968
   0.265057438332426   0.606041449846367  -0.749972209786980
   0.357769261588801   0.783791318162408  -0.507614346758874
   0.271630648626014   0.765105037599378  -0.583807393039062
   0.367786839197735   0.713769906389713   0.596041409337774
   0.389590488663927   0.773888224832112   0.499315798477081
   0.281372366808683   0.789812308526209   0.545001016968758
   0.219683224611904   0.656344013276675   0.721769919752814
   0.240364871719664   0.731014002854346   0.638626069052975
   0.323875192410749   0.655317061657786   0.682396078858243
   0.350115482098488   0.843354231911421  -0.407642967205422
   0.256186009580100   0.834188761154611  -0.488362405656661
   0.244120261543813   0.893186098606158  -0.377655783962713
   0.248655104135364   0.934626949235702  -0.254250083480413
   0.332163378121742   0.890231619183672  -0.311697215965061
   0.361843082417060   0.907643379141118  -0.212727713305561
   0.304563353103085   0.952218865636642  -0.022812186924372
   0.385378279381050   0.916704111887154  -0.105532710713243
   0.270672846881374   0.953034065969426  -0.135875969409299
   0.319311183499465   0.942417516157568   0.099446434483948
   0.224885286670971   0.958932152604734   0.172845985026457
   0.400093627178579   0.916428984305144   0.009110774749197
   0.209962765937671   0.975549505619463   0.064952282526674
   0.257293240245826   0.927356627110427   0.271679728132551
   0.342025716462211   0.881985514784277   0.324222085905981
   0.220520980869926   0.902617064894513   0.369665972409389
   0.347433651821867   0.913077676519387   0.213492421935016
   0.315385202644192   0.843255089014757   0.435262023158231
   0.206999429092409   0.857459452106281   0.471078044859885
   0.435790536713653  -0.867007466662677  -0.241629180485292
   0.515843814738397  -0.802991983808077  -0.298511361150806
   0.421497234275927  -0.832988401153240  -0.358427684536104
   0.530892218237026  -0.845683749067292  -0.054520172219638
   0.443145508857490  -0.887501372685213  -0.126346236435038
   0.531168796958062  -0.826804912418123  -0.185076594790875
   0.436311841180405  -0.899620264871819  -0.017758273500664
   0.468225491803009  -0.879929661714146   0.080552338646733
   0.520681926273056  -0.838017699918944   0.163146150046952
   0.566771984432032  -0.821294541487228   0.065152081979477
   0.418764859372749  -0.888894465805696   0.185748812148363
   0.493555474402836  -0.827981512095666   0.266175899199694
   0.448167011545438  -0.814567623989266   0.368274239814452
   0.433470042127238  -0.639374841866902  -0.635061834915219
   0.504184118855926  -0.759589894650172  -0.410879016547223
   0.544977849914208  -0.623339786088705  -0.560755431700644
   0.475370245268579  -0.707072331232901  -0.523518718211834
   0.405536661843171  -0.783914164404653  -0.470126151949508
   0.572938118374127  -0.676740183812084  -0.462346878574844
   0.590764085037888  -0.728043552604542  -0.347779213496588
   0.546399804889016  -0.766714445574131   0.337040371714129
   0.599468936920076  -0.773740281747983   0.204848651614954
   0.499815939679684  -0.740632886141758   0.449051171257179
   0.456292750844943  -0.702659149128650   0.545955168188888
   0.553807344680563  -0.659140365876734   0.508754757274808
   0.420521523389032  -0.646944888127108   0.636100589602597
   0.451540641098195  -0.421105104010732  -0.786626684528780
   0.442278487980088  -0.534224693766447  -0.720412184544510
   0.537906654688754  -0.470429189408322  -0.699537567678951
   0.515333007034654  -0.563562811532394  -0.645622838287436
   0.521294119076160  -0.593742666354053   0.612961734178725
   0.456222858153572  -0.554647862828667   0.695863817106320
   0.595921265050275  -0.403019697702503   0.694588345082656
   0.504806399690215  -0.460054581924918   0.730424726088658
   0.587066419162025  -0.496008868660086   0.639787637972804
   0.466902866198446  -0.311192834241932  -0.827744364796372
   0.555575540269821  -0.231533035714429  -0.798578908077816
   0.540270999555129  -0.357582985412930  -0.761735948726905
   0.535004073680891  -0.347258257155660   0.770183318426247
   0.569638491173736  -0.236887930326498   0.787017215719540
   0.436382575993414  -0.385719358972610   0.812890412960512
   0.478635762615490  -0.269644924055866   0.835583282310264
   0.466220230591873  -0.198117010095297  -0.862199714044119
   0.464657293002864  -0.079661808662399  -0.881899992232615
   0.558786599260749  -0.115573060827114  -0.821218852741253
   0.551806374139645  -0.008809109368624  -0.833925731136166
   0.597842975451262  -0.112400599443916   0.793693821286414
   0.502029803093477  -0.139902607984653   0.853459628268975
   0.403594017616823  -0.194692505195880   0.893983611351161
   0.545566307612796  -0.023735375451478   0.837731482009550
   0.410906576929027  -0.089761648345220   0.907247833572954
   0.521720763763296   0.100860914566270  -0.847133118565848
   0.445301990695648   0.036112968277267  -0.894651882356874
   0.435981153891176   0.148655976323147  -0.887593281945696
   0.447742461361543   0.008974473112305   0.894117524225011
   0.505952478217998   0.088567481225819   0.858002267511212
   0.532008331759301   0.188139449228650   0.825572942012167
   0.505941933141688   0.317120270095999  -0.802158023448679
   0.548069148485523   0.201150080998853  -0.811885985463789
   0.428257286897172   0.253209960901566  -0.867456288189613
   0.403617999217249   0.353317089256906  -0.843954705625185
   0.586169741392016   0.379766964570460  -0.715668978576936
   0.595718842612110   0.278640167778760  -0.753311832813684
   0.572933172463308   0.363667957102630   0.734502006033972
   0.436959221714506   0.220995107822723   0.871910431682680
   0.503681992725296   0.296908895535112   0.811264172730680
   0.402224888482588   0.339340833698241   0.850331075328988
   0.551776354979568   0.558063644040944  -0.619764328826050
   0.460378432523331   0.551833198152173  -0.695364523314574
   0.536223649124679   0.472860306618264  -0.699190480873628
   0.465357788611586   0.432067272253816  -0.772502427715072
   0.538893018311378   0.463714220543789   0.703252043353390
   0.475174885464979   0.411592834536020   0.777688991038158
   0.501913462512136   0.555138835698565   0.663252402369053
   0.423419501901873   0.532719043815417   0.732752581548204
   0.597175380236961   0.514332776761198   0.615502526386331
   0.471552980063503   0.639272843774017  -0.607427376898926
   0.460748302367498   0.715451859323656  -0.525204378176526
   0.562328173339566   0.635536929961176  -0.529036705838177
   0.446139871078720   0.783765991765629  -0.432053336505463
   0.541521117255055   0.714930703817991  -0.442299636338477
   0.528858631916490   0.774895216853947  -0.346187738581674
   0.555876837813303   0.795144307551906   0.242376713713348
   0.591648656451289   0.716376747016118   0.369805656600856
   0.510093580661398   0.791285177271546   0.337153239934561
   0.469597424713564   0.700055358758125   0.537959806469240
   0.533173175972529   0.616097302232186   0.579784855446906
   0.564734712347660   0.667823765984458   0.484856805929277
   0.493470756202166   0.752999727848552   0.435290733456696
   0.426317107010552   0.629901570732374   0.649213166424589
   0.433938459580133   0.843972006496678  -0.315291397832535
   0.516300952434875   0.819615295354114  -0.248322560667430
   0.498458469447986   0.865099655363265  -0.056051231261500
   0.560993138071720   0.814464535982384  -0.148102054892714
   0.460943129848141   0.870743662179462  -0.171280196812414
   0.484846324006201   0.873037508695841   0.052245100323697
   0.576042006255566   0.816242055250150   0.043869286181495
   0.421055383700035   0.896145363618594   0.140127981224717
   0.522915480270012   0.839645679749479   0.146814621111175
   0.413763164801445   0.824999728756262   0.384935697234729
   0.453210687215820   0.853908017804580   0.255814718345950
   0.672210100200474  -0.680348606067461  -0.291992046827530
   0.619225649254288  -0.751556278879630  -0.227426372662033
   0.664745526449344  -0.635671817241540  -0.392472579717898
   0.719275415867169  -0.666307734714723  -0.196664381087285
   0.630471826254188  -0.776112070387660  -0.012463165660823
   0.759553151731891  -0.645038738062284  -0.083690119447681
   0.685450183207344  -0.721783150864259  -0.095849514706547
   0.606342601073361  -0.786184825785760  -0.119423908108069
   0.746333145066668  -0.653762155183406   0.124827404943158
   0.655998909820809  -0.749135458006942   0.091986389594550
   0.727875701387357  -0.685557333491108   0.014425873506459
   0.683673277949255  -0.703455298583290   0.194271696119677
   0.697562670829678  -0.626176355246358   0.348295122554641
   0.602795367286999  -0.691328056082991   0.398375782459031
   0.746199245502842  -0.623872905779931   0.232312899867173
   0.639418015326947  -0.710280051768499   0.294358369568604
   0.648338865684204  -0.605373856818913   0.461713340421862
   0.605385046617605  -0.522192014186848  -0.600686645141443
   0.665034459611588  -0.429020537042769  -0.611285977529877
   0.727020723353482  -0.536725702937869  -0.428213016640585
   0.642151838975606  -0.587146915641891  -0.492848369331239
   0.692543331421849  -0.490895580307350  -0.528587990156642
   0.781032117525029  -0.435720741589454  -0.447365920408680
   0.797179181419192  -0.490970424362145  -0.351359353246050
   0.741370898116139  -0.595888219931699  -0.308684986309831
   0.794714318313964  -0.584468905553314  -0.163784158904586
   0.782474906518267  -0.547764626567942   0.296119797632835
   0.607238962670972  -0.565794726184591   0.557796710312983
   0.758876703579669  -0.454886341438470   0.466030648280539
   0.684472724744830  -0.497213759470631   0.533174986729001
   0.729437281228583  -0.543523960856776   0.415334752613377
   0.674817785126771  -0.404111794803040   0.617506772576353
   0.700583689213614  -0.322038437371712  -0.636768199004181
   0.629308289341952  -0.281716155495542  -0.724297649242573
   0.716024593556714  -0.215981158384233  -0.663822958811269
   0.611175895702873  -0.387562549848796  -0.690115421119170
   0.746126930342279  -0.379800946817632  -0.546850843113951
   0.785207717479007  -0.256231816535092  -0.563732291612371
   0.753831600968358  -0.375853463327823   0.538954628411301
   0.733651514286833  -0.298594169809754   0.610407222549226
   0.643255415594695  -0.305019565107533   0.702271696147373
   0.649688246017580  -0.198838727407700   0.733735881274377
   0.724926882328584  -0.198770503008710   0.659523541968763
   0.736936901194604  -0.013272814937805  -0.675831218605150
   0.776315678294353  -0.132181593928998  -0.616329452371674
   0.646739347638503  -0.037390234029851  -0.761794057876088
   0.705350457916138  -0.110973600272544  -0.700118269694517
   0.634469673834080  -0.170488279405245  -0.753911121797733
   0.795347813982192  -0.183760910850680   0.577627719588557
   0.641357941615170   0.000000000000000   0.767241807207579
   0.773386228879501  -0.086314012193515   0.628031553569247
   0.691037204411757  -0.099822505674287   0.715893183009652
   0.693835716611305   0.083534836361886  -0.715271926940006
   0.775812755923970   0.074556092571947  -0.626542861108526
   0.732581224312985   0.184859459125225  -0.655096733434092
   0.651754609660456   0.184210145991294  -0.735719070637844
   0.609539328510336   0.083251819555295  -0.788372336868755
   0.732816185635475   0.002297748429768   0.680422779176908
   0.682861736369050   0.196499986684656   0.703624618838750
   0.600346510382948   0.110610668074285   0.792053879214777
   0.756999914510873   0.126263752240018   0.641099519810148
   0.684909907210243   0.091994471138407   0.722796953704995
   0.699060701734795   0.379455116609166  -0.606075861397879
   0.672881946722759   0.298587953426049  -0.676812470218622
   0.755784977925464   0.280296856125849  -0.591796197679717
   0.773304356669535   0.373385710204279  -0.512429003249390
   0.724795815855401   0.354465756068732   0.590783423170561
   0.797388814351578   0.297931629041392   0.524793124158203
   0.665746436621903   0.301069713968254   0.682743516597787
   0.755570521936580   0.240150718368365   0.609459448074802
   0.600224376982071   0.246779648899900   0.760809110201322
   0.624131382619893   0.460585197091960  -0.631127002630011
   0.792871663903553   0.443720435065121  -0.417692111589902
   0.721067515540575   0.529533390928115  -0.446828855295083
   0.640856120520762   0.550247159075070  -0.535286368891356
   0.706347076659238   0.461836308528473  -0.536452263877916
   0.761836433762488   0.594740359487967  -0.256688825210951
   0.778172729709825   0.526009932076434  -0.343162868173270
   0.794540725997573   0.470318450940071   0.384064564151109
   0.741032564513729   0.570905421894888   0.353465327268780
   0.721246379238723   0.521119123053209   0.456331589990531
   0.635098831818567   0.568602027253482   0.522820436121162
   0.768277193577961   0.413737574250810   0.488437686384893
   0.688755482948433   0.465173861459128   0.556083773656160
   0.642365283299650   0.407608867732766   0.649016065869692
   0.636946054555738   0.628584559382188  -0.446297182706972
   0.608060568834112   0.754017856118254  -0.248433929413773
   0.621827555208418   0.698740494989972  -0.353683774358805
   0.701905721898547   0.615463213690803  -0.358515536845293
   0.689406009470002   0.680393517496572  -0.248563906179656
   0.710861374647110   0.701342741130548  -0.052862704228119
   0.614851311779376   0.786775417722195  -0.054243031545508
   0.660500625579392   0.736405514038887  -0.146443991008012
   0.792621735195155   0.607761168682755  -0.048755991812233
   0.749658311654662   0.643859997546166  -0.153155866119884
   0.706536639471517   0.690100175140487   0.156740949835596
   0.777397485693572   0.613482990276393   0.138894815881835
   0.621368958128977   0.768240087109324   0.153973330261991
   0.663123365432698   0.746979105612562   0.047849952930697
   0.747210708562447   0.663171493285940   0.043355824320424
   0.749901853989717   0.613904217650923   0.246513328104575
   0.642401678707981   0.722777294479169   0.254780426600124
   0.679154508088104   0.657395849661476   0.326465696500370
   0.654440109621181   0.622979563642203   0.428491080657680
   0.860611479146215  -0.427332248280671  -0.277010887044446
   0.811260939192307  -0.528065219786466  -0.251003609919634
   0.856742787630579  -0.491555579126721  -0.156092627860442
   0.893192326067114  -0.445087429718994  -0.064067531253816
   0.827683257107628  -0.558948006415408  -0.050175213282547
   0.916147196523022  -0.399656599503022   0.030804492800374
   0.881537436998266  -0.449631660750074   0.143955259791569
   0.802126273610926  -0.594428403934534   0.056993980198722
   0.820825614616994  -0.544958289909518   0.171072419306937
   0.862684558019198  -0.504007655101344   0.041852562101568
   0.850649268092706  -0.459286024192464   0.255836218457870
   0.809088489751304  -0.462413741080531   0.362697322587115
   0.854898497690035  -0.239925885794825  -0.459982747473087
   0.812784342634120  -0.334958507269125  -0.476638658500191
   0.940937393080269  -0.220779322404724  -0.256696928500942
   0.855308809137115  -0.358350980890477  -0.374207717060036
   0.904702461616981  -0.325093072898045  -0.275368752580756
   0.902905476697374  -0.235972641960899  -0.359275120758286
   0.905361281695538  -0.389470540895464  -0.169214796578806
   0.946271654879113  -0.277502498448366  -0.166019030617756
   0.971904626857488  -0.227549621233726  -0.060187757637203
   0.940289016427792  -0.334038970984881  -0.065379900952944
   0.929687724088806  -0.347434892950204   0.122350851403886
   0.952230001893647  -0.253145252532492   0.170808385666176
   0.959914442468383  -0.276877828096045   0.043622602506378
   0.870314327282960  -0.363145423583202   0.332683593007808
   0.907915533735681  -0.351953091251661   0.227636563758668
   0.916904690468102  -0.260867105489132   0.302049899637983
   0.813363933461588  -0.273325344009721   0.513548798134960
   0.871265419917418  -0.269748384970450   0.410039482076981
   0.819524436840178  -0.367175693217557   0.439956483907212
   0.893999201107196  -0.142283666673528  -0.424877378331245
   0.879786665023937  -0.037529818444907  -0.473884940437603
   0.815732214025725  -0.031681558451317  -0.577561454613087
   0.837070526566698  -0.140365530753563  -0.528782045203523
   0.966172524688347  -0.032507849330392  -0.255839583077479
   0.943326052820513  -0.127246202039035  -0.306503445554388
   0.929714906592449  -0.036883875696027  -0.366428399791056
   0.972460215549119  -0.153797817776380  -0.175120987952287
   0.989335749496270  -0.037806264398193  -0.140660801721403
   0.999446077939324  -0.030801611924055  -0.012601507631301
   0.990013851712490  -0.121714200509374  -0.071121212108370
   0.978037341003106  -0.150833065731798   0.143848343353414
   0.993318601273503  -0.048314613023577   0.104803886055979
   0.987400932276590  -0.154042456933870   0.036198348043762
   0.915524241254489  -0.166122168663429   0.366358825134528
   0.941933420054369  -0.056366384632152   0.331035138419141
   0.953423692499053  -0.166426120753525   0.251566311163487
   0.973587704561315  -0.053990799104457   0.221837722534045
   0.842395964468276  -0.068726962504122   0.534458271217239
   0.859577021611400  -0.172984584268275   0.480836435311642
   0.898335384070418  -0.072043899703860   0.433362682106472
   0.804812724957658   0.170752655049958  -0.568436459544617
   0.868981337717427   0.161536076107861  -0.467736604099472
   0.907407247560957   0.064117573843219  -0.415332425652401
   0.849299552194287   0.065499104987290  -0.523832165763470
   0.920694821194495   0.171336107888607  -0.350663634212646
   0.954791847600603   0.175426573931041  -0.239995926870112
   0.949185463624963   0.077065344838479  -0.305135852151122
   0.985140199016721   0.171194273679525  -0.013831447524948
   0.994810127734618   0.070482735231086  -0.073382516929977
   0.979076491827382   0.062164026926901  -0.193764952731960
   0.977226861824937   0.170388351476165  -0.126473199568211
   0.983865050652015   0.055883460989445   0.169960586293849
   0.997129043646815   0.057427941371384   0.049352830373062
   0.982542384749551   0.154653265609223   0.103406139116919
   0.957487911353408   0.048637289661080   0.284343654169587
   0.918430720768324   0.046825970428569   0.392800636000504
   0.961369739080505   0.147636727673919   0.232317931770276
   0.920868579940104   0.165227846116975   0.353130028950587
   0.880895373014414   0.130836064892470   0.454868405063761
   0.866592211608824   0.035047576398718   0.497784698607242
   0.805066606854358   0.030199540893747   0.592415180644299
   0.821036918956699   0.156033127487168   0.549137542731022
   0.841829664827258   0.349927519436847  -0.410942266696432
   0.880718456659086   0.254061750789301  -0.399734445458372
   0.824918532922411   0.269342782211744  -0.496954605282590
   0.909977291252297   0.288712304481294  -0.297634901592928
   0.896630482336657   0.381441034383557  -0.224847760569536
   0.922442768292987   0.367482105918557  -0.118559019284209
   0.923716805115271   0.383003024667407  -0.007479775615232
   0.957476458214886   0.281751365221023  -0.062088647596532
   0.945286060885132   0.270041203248145  -0.183062862548810
   0.927949373923547   0.355571016183738   0.111710392913826
   0.953815303085073   0.251443177178212   0.164355396173222
   0.963518912191106   0.262593224271919   0.051731077859884
   0.910094824685148   0.340420128687806   0.236308159117470
   0.887572379519487   0.294755555501871   0.354026035221844
   0.931082663214749   0.240325387307282   0.274460894257334
   0.860847020300075   0.232606965157337   0.452588563046810
   0.833524759253775   0.349049396389981   0.428253423326337
   0.853281542735358   0.411497886966870  -0.320281279267098
   0.832581180887188   0.497400303398577  -0.243724261023597
   0.876819895641370   0.460008577867544  -0.139924904487144
   0.821685653886409   0.552085468126435  -0.141542651101635
   0.865338564389967   0.500149069485145  -0.032250229032598
   0.826724856826875   0.559828697625067   0.055837625486799
   0.886782923945580   0.456480599685364   0.072398259022005
   0.879338164844388   0.435021498636225   0.193702575027790
   0.832426687673058   0.527972540276535   0.168258153929028
   0.817524700460452   0.504774289198338   0.277229654080079
   0.857163591273535   0.403890789481072   0.319597884798089
